1.20 1.50
1.25 1.55
10.00 25.40
-5.00 8.00
12.30 -4.50
50.00 50.00
50.10 50.10
-15.20 -30.00
8.50 9.20
0.00 0.00
100.50 200.30
-45.00 12.00
33.33 33.33
33.50 33.50
-2.00 -2.00
-2.10 -2.10
88.00 12.00
14.00 15.00
14.05 15.05
40.00 -10.00
5.00 5.00
-40.00 -40.00
22.00 22.00
22.10 22.10
7.00 8.00
90.00 90.00
-10.50 5.20
11.00 11.00
11.05 11.05
60.40 20.10
-18.00 40.00
3.00 3.00
3.05 3.05
75.00 -5.00
-60.00 10.00
19.00 19.00
19.10 19.20
100.00 100.00
100.10 100.10
-5.50 -5.50
12.00 80.00
45.00 45.00
45.05 45.05
0.50 0.50
-30.00 60.00
25.00 25.00
25.20 25.20
13.00 13.00
13.10 13.10
-100.00 -100.00